2.82
,3.15

3.04
,3.44

3.45
,3.33

3.07
,3

3.09
,3

3.29
,3.36

3.08
,2.81

3.79
,3.56

3.41
,3.51

3.77
,3.74

2.81
,2.58

3.04
,3.07

2.88
,3.02

3.68
,3.48

3.03
,3.26

3.16
,3.17

3.32
,3.35

3.12
,3.46

3.05
,3.13

3.48
,3.49

3.34
,3.52

3.52
,3.39

3.48
,3.26

3.32
,3.41

3.52
,3.36

3.23
,3.17

3.62
,3.56

3.3
,3.25

3.16
,2.85

3.57
,3.69

3.38
,3.4

3.27
,3.48

3.38
,3.09

3.36
,3.03

3.05
,2.77

3.05
,3.21

3.05
,2.91

3.12
,3.41

3.71
,3.57

3.21
,3.39

3.07
,3.15

3.43
,3.26

3.19
,3.08

